
0
1
01
2
02
12
012
3
03
13
013
23
023
123
0123
4
04
14
014
24
024
124
0124
34
034
134
0134
234
0234
1234
01234
5
05
15
015
25
025
125
0125
35
035
135
0135
235
0235
1235
01235
45
045
145
0145
245
0245
1245
01245
345
0345
1345
01345
2345
02345
12345
012345
6
06
16
016
26
026
126
0126
36
036
136
0136
236
0236
1236
01236
46
046
146
0146
246
0246
1246
01246
346
0346
1346
01346
2346
02346
12346
012346
56
056
156
0156
256
0256
1256
01256
356
0356
1356
01356
2356
02356
12356
012356
456
0456
1456
01456
2456
02456
12456
012456
3456
03456
13456
013456
23456
023456
123456
0123456
7
07
17
017
27
027
127
0127
37
037
137
0137
237
0237
1237
01237
47
047
147
0147
247
0247
1247
01247
347
0347
1347
01347
2347
02347
12347
012347
57
057
157
0157
257
0257
1257
01257
357
0357
1357
01357
2357
02357
12357
012357
457
0457
1457
01457
2457
02457
12457
012457
3457
03457
13457
013457
23457
023457
123457
0123457
67
067
167
0167
267
0267
1267
01267
367
0367
1367
01367
2367
02367
12367
012367
467
0467
1467
01467
2467
02467
12467
012467
3467
03467
13467
013467
23467
023467
123467
0123467
567
0567
1567
01567
2567
02567
12567
012567
3567
03567
13567
013567
23567
023567
123567
0123567
4567
04567
14567
014567
24567
024567
124567
0124567
34567
034567
134567
0134567
234567
0234567
1234567
01234567
8
08
18
018
28
028
128
0128
38
038
138
0138
238
0238
1238
01238
48
048
148
0148
248
0248
1248
01248
348
0348
1348
01348
2348
02348
12348
012348
58
058
158
0158
258
0258
1258
01258
358
0358
1358
01358
2358
02358
12358
012358
458
0458
1458
01458
2458
02458
12458
012458
3458
03458
13458
013458
23458
023458
123458
0123458
68
068
168
0168
268
0268
1268
01268
368
0368
1368
01368
2368
02368
12368
012368
468
0468
1468
01468
2468
02468
12468
012468
3468
03468
13468
013468
23468
023468
123468
0123468
568
0568
1568
01568
2568
02568
12568
012568
3568
03568
13568
013568
23568
023568
123568
0123568
4568
04568
14568
014568
24568
024568
124568
0124568
34568
034568
134568
0134568
234568
0234568
1234568
01234568
78
078
178
0178
278
0278
1278
01278
378
0378
1378
01378
2378
02378
12378
012378
478
0478
1478
01478
2478
02478
12478
012478
3478
03478
13478
013478
23478
023478
123478
0123478
578
0578
1578
01578
2578
02578
12578
012578
3578
03578
13578
013578
23578
023578
123578
0123578
4578
04578
14578
014578
24578
024578
124578
0124578
34578
034578
134578
0134578
234578
0234578
1234578
01234578
678
0678
1678
01678
2678
02678
12678
012678
3678
03678
13678
013678
23678
023678
123678
0123678
4678
04678
14678
014678
24678
024678
124678
0124678
34678
034678
134678
0134678
234678
0234678
1234678
01234678
5678
05678
15678
015678
25678
025678
125678
0125678
35678
035678
135678
0135678
235678
0235678
1235678
01235678
45678
045678
145678
0145678
245678
0245678
1245678
01245678
345678
0345678
1345678
01345678
2345678
02345678
12345678
012345678
